AddEdge 13 32
0
AddEdge 13 19
0
AddEdge 13 5
0
AddEdge 13 28
0
AddEdge 13 40
0
AddEdge 14 13
0
AddEdge 14 29
0
AddEdge 14 4
0
AddEdge 14 37
0
AddEdge 14 28
0
AddEdge 14 36
0
AddEdge 14 26
0
AddEdge 14 2
0
AddEdge 15 14
0
AddEdge 15 33
0
AddEdge 15 20
0
AddEdge 15 16
0
AddEdge 15 9
0
AddEdge 15 35
0
AddEdge 15 10
0
AddEdge 15 27
0
AddEdge 15 8
0
AddEdge 15 7
0
AddEdge 15 40
0
AddEdge 15 31
0
AddEdge 15 25
0
AddEdge 15 37
0
AddEdge 16 15
0
AddEdge 16 23
0
AddEdge 16 8
0
AddEdge 16 30
0
AddEdge 16 33
0
AddEdge 16 29
0
AddEdge 16 21
0
AddEdge 16 18
0
AddEdge 16 5
0
AddEdge 16 9
0
AddEdge 16 39
0
AddEdge 16 2
0
AddEdge 16 28
0
AddEdge 16 34
0
AddEdge 16 20
0
AddEdge 17 16
0
AddEdge 17 15
0
AddEdge 17 26
0
AddEdge 17 29
0
AddEdge 17 20
0
AddEdge 17 11
0
AddEdge 17 10
0
AddEdge 18 17
0
AddEdge 18 1
0
AddEdge 18 3
0
AddEdge 18 15
0
AddEdge 18 23
0
AddEdge 18 10
0
AddEdge 18 32
0
AddEdge 18 34
0
AddEdge 18 9
0
AddEdge 18 30
0
AddEdge 18 28
0
AddEdge 18 37
0
AddEdge 18 13
0
AddEdge 18 26
0
AddEdge 18 33
0
AddEdge 18 35
0
AddEdge 18 25
0
AddEdge 18 31
0
AddEdge 18 7
0
AddEdge 19 18
0
AddEdge 19 33
0
AddEdge 19 34
0
AddEdge 19 21
0
AddEdge 19 23
0
AddEdge 19 8
0
AddEdge 19 26
0
AddEdge 19 29
0
AddEdge 20 19
0
AddEdge 20 5
0
AddEdge 20 39
0
AddEdge 20 23
0
AddEdge 20 8
0
AddEdge 20 12
0
AddEdge 20 27
0
AddEdge 21 20
0
AddEdge 21 6
0
AddEdge 21 28
0
AddEdge 21 16
0
AddEdge 21 12
0
AddEdge 22 21
0
AddEdge 22 32
0
AddEdge 22 13
0
AddEdge 22 23
0
AddEdge 22 16
0
AddEdge 22 35
0
AddEdge 22 5
0
AddEdge 22 25
0
AddEdge 22 11
0
AddEdge 22 40
0
AddEdge 22 24
0
AddEdge 22 17
0
AddEdge 22 19
0
AddEdge 22 1
0
AddEdge 22 29
0
AddEdge 22 4
0
AddEdge 22 37
0
AddEdge 22 34
0
AddEdge 23 22
0
AddEdge 23 11
0
AddEdge 23 15
0
AddEdge 23 29
0
AddEdge 23 14
0
AddEdge 23 18
0
AddEdge 23 38
0
AddEdge 23 27
0
AddEdge 23 5
0
AddEdge 23 9
0
AddEdge 23 30
0
AddEdge 23 16
0
AddEdge 23 10
0
AddEdge 23 36
0
AddEdge 23 19
0
AddEdge 23 32
0
AddEdge 23 7
0
AddEdge 24 23
0
AddEdge 24 26
0
AddEdge 24 40
0
AddEdge 24 7
0
AddEdge 24 34
0
AddEdge 24 32
0
AddEdge 24 9
0
AddEdge 24 13
0
AddEdge 24 25
0
AddEdge 24 4
0
AddEdge 24 35
0
AddEdge 24 36
0
AddEdge 24 39
0
AddEdge 24 29
0
AddEdge 24 10
0
AddEdge 24 14
0
AddEdge 24 3
0
AddEdge 24 12
0
AddEdge 25 24
0
AddEdge 25 5
0
AddEdge 25 16
0
AddEdge 25 27
0
AddEdge 25 26
0
AddEdge 25 19
0
AddEdge 25 1
0
AddEdge 25 18
0
AddEdge 25 11
0
AddEdge 25 10
0
AddEdge 25 8
0
AddEdge 25 29
0
AddEdge 25 13
0
AddEdge 25 15
0
AddEdge 25 9
0
AddEdge 26 25
0
AddEdge 26 1
0
AddEdge 27 26
0
AddEdge 27 36
0
AddEdge 27 17
0
AddEdge 27 10
0
AddEdge 27 37
0
AddEdge 28 27
0
AddEdge 28 10
0
AddEdge 28 38
0
AddEdge 29 28
0
AddEdge 29 17
0
AddEdge 29 13
0
AddEdge 29 38
0
AddEdge 29 36
0
AddEdge 29 9
0
AddEdge 29 32
0
AddEdge 29 3
0
AddEdge 30 29
0
AddEdge 30 14
0
AddEdge 30 17
0
AddEdge 30 40
0
AddEdge 31 30
0
AddEdge 32 31
0
AddEdge 32 39
0
AddEdge 32 8
0
AddEdge 32 21
0
AddEdge 32 26
0
AddEdge 32 5
0
AddEdge 32 1
0
AddEdge 32 27
0
AddEdge 32 22
0
AddEdge 32 37
0
AddEdge 32 33
0
AddEdge 32 28
0
AddEdge 32 13
0
AddEdge 32 3
0
AddEdge 33 32
0
AddEdge 33 10
0
AddEdge 33 6
0
AddEdge 33 8
0
AddEdge 33 20
0
AddEdge 33 2
0
AddEdge 33 14
0
AddEdge 33 39
0
AddEdge 33 31
0
AddEdge 33 38
0
AddEdge 33 9
0
AddEdge 33 22
0
AddEdge 33 7
0
AddEdge 33 26
0
AddEdge 34 33
0
AddEdge 34 16
0
AddEdge 34 29
0
AddEdge 34 9
0
AddEdge 34 14
0
AddEdge 34 23
0
AddEdge 34 8
0
AddEdge 34 10
0
AddEdge 34 3
0
AddEdge 34 1
0
AddEdge 34 6
0
AddEdge 35 34
0
AddEdge 35 31
0
AddEdge 35 20
0
AddEdge 36 35
0
AddEdge 36 10
0
AddEdge 36 9
0
AddEdge 36 25
0
AddEdge 36 11
0
AddEdge 36 28
0
AddEdge 36 30
0
AddEdge 36 34
0
AddEdge 37 36
0
AddEdge 37 11
0
AddEdge 37 12
0
AddEdge 37 40
0
AddEdge 37 16
0
AddEdge 37 33
0
AddEdge 37 25
0
AddEdge 37 23
0
AddEdge 37 5
0
AddEdge 37 34
0
AddEdge 37 22
0
AddEdge 37 32
0
AddEdge 37 4
0
AddEdge 37 19
0
AddEdge 37 9
0
AddEdge 37 3
0
AddEdge 38 37
0
AddEdge 38 15
0
AddEdge 38 8
0
AddEdge 38 26
0
AddEdge 38 3
0
AddEdge 38 25
0
AddEdge 38 32
0
AddEdge 38 21
0
AddEdge 38 30
0
AddEdge 38 19
0
AddEdge 38 36
0
AddEdge 38 9
0
AddEdge 38 27
0
AddEdge 38 22
0
AddEdge 38 23
0
AddEdge 39 38
0
AddEdge 39 4
0
AddEdge 39 23
0
AddEdge 39 5
0
AddEdge 39 25
0
AddEdge 39 29
0
AddEdge 39 11
0
AddEdge 39 18
0
AddEdge 40 39
0
AddEdge 40 22
0
AddEdge 40 17
0
AddEdge 40 6
0
AddEdge 40 12
0
AddEdge 40 35
0
AddEdge 40 15
0
AddEdge 40 37
0
AddEdge 40 33
0
AddEdge 40 31
0
AddEdge 40 4
0
AddEdge 40 14
0
AddEdge 40 18
0
PrintDigraph
40, 1 3, 1 4, 1 6, 1 8, 1 10, 1 11, 1 12, 1 13, 1 24, 1 26, 1 30, 1 31, 1 36, 1 37, 1 39, 1 40, 2 1, 2 3, 2 17, 2 22, 2 23, 2 31, 2 35, 2 36, 2 37, 2 39, 2 40, 3 2, 3 5, 3 8, 3 10, 3 12, 3 15, 3 17, 3 22, 3 24, 3 29, 3 30, 3 33, 3 35, 3 36, 3 37, 3 38, 3 39, 4 3, 4 10, 4 18, 4 19, 4 30, 4 32, 4 33, 4 39, 5 4, 5 7, 5 8, 5 11, 5 13, 5 17, 5 18, 5 21, 5 22, 5 24, 5 26, 5 27, 5 28, 5 29, 5 34, 5 38, 5 39, 6 2, 6 5, 6 8, 6 15, 6 21, 7 2, 7 3, 7 4, 7 6, 7 10, 7 19, 7 21, 7 23, 7 33, 7 36, 7 37, 7 38, 7 40, 8 1, 8 2, 8 3, 8 5, 8 7, 8 9, 8 10, 8 11, 8 12, 8 15, 8 19, 8 20, 8 26, 8 27, 8 31, 8 32, 8 36, 8 39, 8 40, 9 1, 9 6, 9 8, 9 10, 9 11, 9 14, 9 15, 9 17, 9 18, 9 20, 9 23, 9 24, 9 25, 9 28, 9 31, 9 32, 9 36, 9 37, 10 9, 10 13, 10 23, 11 1, 11 2, 11 3, 11 7, 11 8, 11 9, 11 10, 11 15, 11 18, 11 20, 11 22, 11 25, 11 27, 11 29, 11 36, 12 4, 12 5, 12 6, 12 11, 12 23, 12 25, 12 27, 12 29, 12 30, 12 33, 12 35, 13 2, 13 4, 13 5, 13 9, 13 11, 13 12, 13 16, 13 19, 13 20, 13 22, 13 24, 13 25, 13 27, 13 28, 13 30, 13 32, 13 36, 13 40, 14 2, 14 4, 14 13, 14 26, 14 28, 14 29, 14 36, 14 37, 15 7, 15 8, 15 9, 15 10, 15 14, 15 16, 15 20, 15 25, 15 27, 15 31, 15 33, 15 35, 15 37, 15 40, 16 2, 16 5, 16 8, 16 9, 16 15, 16 18, 16 20, 16 21, 16 23, 16 28, 16 29, 16 30, 16 33, 16 34, 16 39, 17 10, 17 11, 17 15, 17 16, 17 20, 17 26, 17 29, 18 1, 18 3, 18 7, 18 9, 18 10, 18 13, 18 15, 18 17, 18 23, 18 25, 18 26, 18 28, 18 30, 18 31, 18 32, 18 33, 18 34, 18 35, 18 37, 19 8, 19 18, 19 21, 19 23, 19 26, 19 29, 19 33, 19 34, 20 5, 20 8, 20 12, 20 19, 20 23, 20 27, 20 39, 21 6, 21 12, 21 16, 21 20, 21 28, 22 1, 22 4, 22 5, 22 11, 22 13, 22 16, 22 17, 22 19, 22 21, 22 23, 22 24, 22 25, 22 29, 22 32, 22 34, 22 35, 22 37, 22 40, 23 5, 23 7, 23 9, 23 10, 23 11, 23 14, 23 15, 23 16, 23 18, 23 19, 23 22, 23 27, 23 29, 23 30, 23 32, 23 36, 23 38, 24 3, 24 4, 24 7, 24 9, 24 10, 24 12, 24 13, 24 14, 24 23, 24 25, 24 26, 24 29, 24 32, 24 34, 24 35, 24 36, 24 39, 24 40, 25 1, 25 5, 25 8, 25 9, 25 10, 25 11, 25 13, 25 15, 25 16, 25 18, 25 19, 25 24, 25 26, 25 27, 25 29, 26 1, 26 25, 27 10, 27 17, 27 26, 27 36, 27 37, 28 10, 28 27, 28 38, 29 3, 29 9, 29 13, 29 17, 29 28, 29 32, 29 36, 29 38, 30 14, 30 17, 30 29, 30 40, 31 30, 32 1, 32 3, 32 5, 32 8, 32 13, 32 21, 32 22, 32 26, 32 27, 32 28, 32 31, 32 33, 32 37, 32 39, 33 2, 33 6, 33 7, 33 8, 33 9, 33 10, 33 14, 33 20, 33 22, 33 26, 33 31, 33 32, 33 38, 33 39, 34 1, 34 3, 34 6, 34 8, 34 9, 34 10, 34 14, 34 16, 34 23, 34 29, 34 33, 35 20, 35 31, 35 34, 36 9, 36 10, 36 11, 36 25, 36 28, 36 30, 36 34, 36 35, 37 3, 37 4, 37 5, 37 9, 37 11, 37 12, 37 16, 37 19, 37 22, 37 23, 37 25, 37 32, 37 33, 37 34, 37 36, 37 40, 38 3, 38 8, 38 9, 38 15, 38 19, 38 21, 38 22, 38 23, 38 25, 38 26, 38 27, 38 30, 38 32, 38 36, 38 37, 39 4, 39 5, 39 11, 39 18, 39 23, 39 25, 39 29, 39 38, 40 4, 40 6, 40 12, 40 14, 40 15, 40 17, 40 18, 40 22, 40 31, 40 33, 40 35, 40 37, 40 39
GetOrder
40
GetSize
447
GetOutDegree 2
11
GetOutDegree 6
5
AddEdge 6 1
0
DeleteEdge 6 4
1
PrintDigraph
40, 1 3, 1 4, 1 6, 1 8, 1 10, 1 11, 1 12, 1 13, 1 24, 1 26, 1 30, 1 31, 1 36, 1 37, 1 39, 1 40, 2 1, 2 3, 2 17, 2 22, 2 23, 2 31, 2 35, 2 36, 2 37, 2 39, 2 40, 3 2, 3 5, 3 8, 3 10, 3 12, 3 15, 3 17, 3 22, 3 24, 3 29, 3 30, 3 33, 3 35, 3 36, 3 37, 3 38, 3 39, 4 3, 4 10, 4 18, 4 19, 4 30, 4 32, 4 33, 4 39, 5 4, 5 7, 5 8, 5 11, 5 13, 5 17, 5 18, 5 21, 5 22, 5 24, 5 26, 5 27, 5 28, 5 29, 5 34, 5 38, 5 39, 6 1, 6 2, 6 5, 6 8, 6 15, 6 21, 7 2, 7 3, 7 4, 7 6, 7 10, 7 19, 7 21, 7 23, 7 33, 7 36, 7 37, 7 38, 7 40, 8 1, 8 2, 8 3, 8 5, 8 7, 8 9, 8 10, 8 11, 8 12, 8 15, 8 19, 8 20, 8 26, 8 27, 8 31, 8 32, 8 36, 8 39, 8 40, 9 1, 9 6, 9 8, 9 10, 9 11, 9 14, 9 15, 9 17, 9 18, 9 20, 9 23, 9 24, 9 25, 9 28, 9 31, 9 32, 9 36, 9 37, 10 9, 10 13, 10 23, 11 1, 11 2, 11 3, 11 7, 11 8, 11 9, 11 10, 11 15, 11 18, 11 20, 11 22, 11 25, 11 27, 11 29, 11 36, 12 4, 12 5, 12 6, 12 11, 12 23, 12 25, 12 27, 12 29, 12 30, 12 33, 12 35, 13 2, 13 4, 13 5, 13 9, 13 11, 13 12, 13 16, 13 19, 13 20, 13 22, 13 24, 13 25, 13 27, 13 28, 13 30, 13 32, 13 36, 13 40, 14 2, 14 4, 14 13, 14 26, 14 28, 14 29, 14 36, 14 37, 15 7, 15 8, 15 9, 15 10, 15 14, 15 16, 15 20, 15 25, 15 27, 15 31, 15 33, 15 35, 15 37, 15 40, 16 2, 16 5, 16 8, 16 9, 16 15, 16 18, 16 20, 16 21, 16 23, 16 28, 16 29, 16 30, 16 33, 16 34, 16 39, 17 10, 17 11, 17 15, 17 16, 17 20, 17 26, 17 29, 18 1, 18 3, 18 7, 18 9, 18 10, 18 13, 18 15, 18 17, 18 23, 18 25, 18 26, 18 28, 18 30, 18 31, 18 32, 18 33, 18 34, 18 35, 18 37, 19 8, 19 18, 19 21, 19 23, 19 26, 19 29, 19 33, 19 34, 20 5, 20 8, 20 12, 20 19, 20 23, 20 27, 20 39, 21 6, 21 12, 21 16, 21 20, 21 28, 22 1, 22 4, 22 5, 22 11, 22 13, 22 16, 22 17, 22 19, 22 21, 22 23, 22 24, 22 25, 22 29, 22 32, 22 34, 22 35, 22 37, 22 40, 23 5, 23 7, 23 9, 23 10, 23 11, 23 14, 23 15, 23 16, 23 18, 23 19, 23 22, 23 27, 23 29, 23 30, 23 32, 23 36, 23 38, 24 3, 24 4, 24 7, 24 9, 24 10, 24 12, 24 13, 24 14, 24 23, 24 25, 24 26, 24 29, 24 32, 24 34, 24 35, 24 36, 24 39, 24 40, 25 1, 25 5, 25 8, 25 9, 25 10, 25 11, 25 13, 25 15, 25 16, 25 18, 25 19, 25 24, 25 26, 25 27, 25 29, 26 1, 26 25, 27 10, 27 17, 27 26, 27 36, 27 37, 28 10, 28 27, 28 38, 29 3, 29 9, 29 13, 29 17, 29 28, 29 32, 29 36, 29 38, 30 14, 30 17, 30 29, 30 40, 31 30, 32 1, 32 3, 32 5, 32 8, 32 13, 32 21, 32 22, 32 26, 32 27, 32 28, 32 31, 32 33, 32 37, 32 39, 33 2, 33 6, 33 7, 33 8, 33 9, 33 10, 33 14, 33 20, 33 22, 33 26, 33 31, 33 32, 33 38, 33 39, 34 1, 34 3, 34 6, 34 8, 34 9, 34 10, 34 14, 34 16, 34 23, 34 29, 34 33, 35 20, 35 31, 35 34, 36 9, 36 10, 36 11, 36 25, 36 28, 36 30, 36 34, 36 35, 37 3, 37 4, 37 5, 37 9, 37 11, 37 12, 37 16, 37 19, 37 22, 37 23, 37 25, 37 32, 37 33, 37 34, 37 36, 37 40, 38 3, 38 8, 38 9, 38 15, 38 19, 38 21, 38 22, 38 23, 38 25, 38 26, 38 27, 38 30, 38 32, 38 36, 38 37, 39 4, 39 5, 39 11, 39 18, 39 23, 39 25, 39 29, 39 38, 40 4, 40 6, 40 12, 40 14, 40 15, 40 17, 40 18, 40 22, 40 31, 40 33, 40 35, 40 37, 40 39
GetCountSCC
1
GetNumSCCVertices 1
40
GetNumSCCVertices 20
40
GetNumSCCVertices 40
40
InSameSCC 10 3
YES
InSameSCC 1 40
YES
DeleteEdge 10 9
0
DeleteEdge 10 23
0
DeleteEdge 10 13
0
GetCountSCC
2
GetNumSCCVertices 1
39
GetNumSCCVertices 20
39
GetNumSCCVertices 40
39
InSameSCC 10 3
NO
InSameSCC 1 40
YES
PrintDigraph
40, 1 3, 1 4, 1 6, 1 8, 1 10, 1 11, 1 12, 1 13, 1 24, 1 26, 1 30, 1 31, 1 36, 1 37, 1 39, 1 40, 2 1, 2 3, 2 17, 2 22, 2 23, 2 31, 2 35, 2 36, 2 37, 2 39, 2 40, 3 2, 3 5, 3 8, 3 10, 3 12, 3 15, 3 17, 3 22, 3 24, 3 29, 3 30, 3 33, 3 35, 3 36, 3 37, 3 38, 3 39, 4 3, 4 10, 4 18, 4 19, 4 30, 4 32, 4 33, 4 39, 5 4, 5 7, 5 8, 5 11, 5 13, 5 17, 5 18, 5 21, 5 22, 5 24, 5 26, 5 27, 5 28, 5 29, 5 34, 5 38, 5 39, 6 1, 6 2, 6 5, 6 8, 6 15, 6 21, 7 2, 7 3, 7 4, 7 6, 7 10, 7 19, 7 21, 7 23, 7 33, 7 36, 7 37, 7 38, 7 40, 8 1, 8 2, 8 3, 8 5, 8 7, 8 9, 8 10, 8 11, 8 12, 8 15, 8 19, 8 20, 8 26, 8 27, 8 31, 8 32, 8 36, 8 39, 8 40, 9 1, 9 6, 9 8, 9 10, 9 11, 9 14, 9 15, 9 17, 9 18, 9 20, 9 23, 9 24, 9 25, 9 28, 9 31, 9 32, 9 36, 9 37, 11 1, 11 2, 11 3, 11 7, 11 8, 11 9, 11 10, 11 15, 11 18, 11 20, 11 22, 11 25, 11 27, 11 29, 11 36, 12 4, 12 5, 12 6, 12 11, 12 23, 12 25, 12 27, 12 29, 12 30, 12 33, 12 35, 13 2, 13 4, 13 5, 13 9, 13 11, 13 12, 13 16, 13 19, 13 20, 13 22, 13 24, 13 25, 13 27, 13 28, 13 30, 13 32, 13 36, 13 40, 14 2, 14 4, 14 13, 14 26, 14 28, 14 29, 14 36, 14 37, 15 7, 15 8, 15 9, 15 10, 15 14, 15 16, 15 20, 15 25, 15 27, 15 31, 15 33, 15 35, 15 37, 15 40, 16 2, 16 5, 16 8, 16 9, 16 15, 16 18, 16 20, 16 21, 16 23, 16 28, 16 29, 16 30, 16 33, 16 34, 16 39, 17 10, 17 11, 17 15, 17 16, 17 20, 17 26, 17 29, 18 1, 18 3, 18 7, 18 9, 18 10, 18 13, 18 15, 18 17, 18 23, 18 25, 18 26, 18 28, 18 30, 18 31, 18 32, 18 33, 18 34, 18 35, 18 37, 19 8, 19 18, 19 21, 19 23, 19 26, 19 29, 19 33, 19 34, 20 5, 20 8, 20 12, 20 19, 20 23, 20 27, 20 39, 21 6, 21 12, 21 16, 21 20, 21 28, 22 1, 22 4, 22 5, 22 11, 22 13, 22 16, 22 17, 22 19, 22 21, 22 23, 22 24, 22 25, 22 29, 22 32, 22 34, 22 35, 22 37, 22 40, 23 5, 23 7, 23 9, 23 10, 23 11, 23 14, 23 15, 23 16, 23 18, 23 19, 23 22, 23 27, 23 29, 23 30, 23 32, 23 36, 23 38, 24 3, 24 4, 24 7, 24 9, 24 10, 24 12, 24 13, 24 14, 24 23, 24 25, 24 26, 24 29, 24 32, 24 34, 24 35, 24 36, 24 39, 24 40, 25 1, 25 5, 25 8, 25 9, 25 10, 25 11, 25 13, 25 15, 25 16, 25 18, 25 19, 25 24, 25 26, 25 27, 25 29, 26 1, 26 25, 27 10, 27 17, 27 26, 27 36, 27 37, 28 10, 28 27, 28 38, 29 3, 29 9, 29 13, 29 17, 29 28, 29 32, 29 36, 29 38, 30 14, 30 17, 30 29, 30 40, 31 30, 32 1, 32 3, 32 5, 32 8, 32 13, 32 21, 32 22, 32 26, 32 27, 32 28, 32 31, 32 33, 32 37, 32 39, 33 2, 33 6, 33 7, 33 8, 33 9, 33 10, 33 14, 33 20, 33 22, 33 26, 33 31, 33 32, 33 38, 33 39, 34 1, 34 3, 34 6, 34 8, 34 9, 34 10, 34 14, 34 16, 34 23, 34 29, 34 33, 35 20, 35 31, 35 34, 36 9, 36 10, 36 11, 36 25, 36 28, 36 30, 36 34, 36 35, 37 3, 37 4, 37 5, 37 9, 37 11, 37 12, 37 16, 37 19, 37 22, 37 23, 37 25, 37 32, 37 33, 37 34, 37 36, 37 40, 38 3, 38 8, 38 9, 38 15, 38 19, 38 21, 38 22, 38 23, 38 25, 38 26, 38 27, 38 30, 38 32, 38 36, 38 37, 39 4, 39 5, 39 11, 39 18, 39 23, 39 25, 39 29, 39 38, 40 4, 40 6, 40 12, 40 14, 40 15, 40 17, 40 18, 40 22, 40 31, 40 33, 40 35, 40 37, 40 39
AddEdge 10 31
0
DeleteEdge 31 30
0
DeleteEdge 26 25
0
DeleteEdge 26 1
0
PrintDigraph
40, 1 3, 1 4, 1 6, 1 8, 1 10, 1 11, 1 12, 1 13, 1 24, 1 26, 1 30, 1 31, 1 36, 1 37, 1 39, 1 40, 2 1, 2 3, 2 17, 2 22, 2 23, 2 31, 2 35, 2 36, 2 37, 2 39, 2 40, 3 2, 3 5, 3 8, 3 10, 3 12, 3 15, 3 17, 3 22, 3 24, 3 29, 3 30, 3 33, 3 35, 3 36, 3 37, 3 38, 3 39, 4 3, 4 10, 4 18, 4 19, 4 30, 4 32, 4 33, 4 39, 5 4, 5 7, 5 8, 5 11, 5 13, 5 17, 5 18, 5 21, 5 22, 5 24, 5 26, 5 27, 5 28, 5 29, 5 34, 5 38, 5 39, 6 1, 6 2, 6 5, 6 8, 6 15, 6 21, 7 2, 7 3, 7 4, 7 6, 7 10, 7 19, 7 21, 7 23, 7 33, 7 36, 7 37, 7 38, 7 40, 8 1, 8 2, 8 3, 8 5, 8 7, 8 9, 8 10, 8 11, 8 12, 8 15, 8 19, 8 20, 8 26, 8 27, 8 31, 8 32, 8 36, 8 39, 8 40, 9 1, 9 6, 9 8, 9 10, 9 11, 9 14, 9 15, 9 17, 9 18, 9 20, 9 23, 9 24, 9 25, 9 28, 9 31, 9 32, 9 36, 9 37, 10 31, 11 1, 11 2, 11 3, 11 7, 11 8, 11 9, 11 10, 11 15, 11 18, 11 20, 11 22, 11 25, 11 27, 11 29, 11 36, 12 4, 12 5, 12 6, 12 11, 12 23, 12 25, 12 27, 12 29, 12 30, 12 33, 12 35, 13 2, 13 4, 13 5, 13 9, 13 11, 13 12, 13 16, 13 19, 13 20, 13 22, 13 24, 13 25, 13 27, 13 28, 13 30, 13 32, 13 36, 13 40, 14 2, 14 4, 14 13, 14 26, 14 28, 14 29, 14 36, 14 37, 15 7, 15 8, 15 9, 15 10, 15 14, 15 16, 15 20, 15 25, 15 27, 15 31, 15 33, 15 35, 15 37, 15 40, 16 2, 16 5, 16 8, 16 9, 16 15, 16 18, 16 20, 16 21, 16 23, 16 28, 16 29, 16 30, 16 33, 16 34, 16 39, 17 10, 17 11, 17 15, 17 16, 17 20, 17 26, 17 29, 18 1, 18 3, 18 7, 18 9, 18 10, 18 13, 18 15, 18 17, 18 23, 18 25, 18 26, 18 28, 18 30, 18 31, 18 32, 18 33, 18 34, 18 35, 18 37, 19 8, 19 18, 19 21, 19 23, 19 26, 19 29, 19 33, 19 34, 20 5, 20 8, 20 12, 20 19, 20 23, 20 27, 20 39, 21 6, 21 12, 21 16, 21 20, 21 28, 22 1, 22 4, 22 5, 22 11, 22 13, 22 16, 22 17, 22 19, 22 21, 22 23, 22 24, 22 25, 22 29, 22 32, 22 34, 22 35, 22 37, 22 40, 23 5, 23 7, 23 9, 23 10, 23 11, 23 14, 23 15, 23 16, 23 18, 23 19, 23 22, 23 27, 23 29, 23 30, 23 32, 23 36, 23 38, 24 3, 24 4, 24 7, 24 9, 24 10, 24 12, 24 13, 24 14, 24 23, 24 25, 24 26, 24 29, 24 32, 24 34, 24 35, 24 36, 24 39, 24 40, 25 1, 25 5, 25 8, 25 9, 25 10, 25 11, 25 13, 25 15, 25 16, 25 18, 25 19, 25 24, 25 26, 25 27, 25 29, 27 10, 27 17, 27 26, 27 36, 27 37, 28 10, 28 27, 28 38, 29 3, 29 9, 29 13, 29 17, 29 28, 29 32, 29 36, 29 38, 30 14, 30 17, 30 29, 30 40, 32 1, 32 3, 32 5, 32 8, 32 13, 32 21, 32 22, 32 26, 32 27, 32 28, 32 31, 32 33, 32 37, 32 39, 33 2, 33 6, 33 7, 33 8, 33 9, 33 10, 33 14, 33 20, 33 22, 33 26, 33 31, 33 32, 33 38, 33 39, 34 1, 34 3, 34 6, 34 8, 34 9, 34 10, 34 14, 34 16, 34 23, 34 29, 34 33, 35 20, 35 31, 35 34, 36 9, 36 10, 36 11, 36 25, 36 28, 36 30, 36 34, 36 35, 37 3, 37 4, 37 5, 37 9, 37 11, 37 12, 37 16, 37 19, 37 22, 37 23, 37 25, 37 32, 37 33, 37 34, 37 36, 37 40, 38 3, 38 8, 38 9, 38 15, 38 19, 38 21, 38 22, 38 23, 38 25, 38 26, 38 27, 38 30, 38 32, 38 36, 38 37, 39 4, 39 5, 39 11, 39 18, 39 23, 39 25, 39 29, 39 38, 40 4, 40 6, 40 12, 40 14, 40 15, 40 17, 40 18, 40 22, 40 31, 40 33, 40 35, 40 37, 40 39
GetCountSCC
4
AddEdge 31 26
0
AddEdge 26 10
0
GetCountSCC
2
GetNumSCCVertices 10
3
GetNumSCCVertices 11
37
GetNumSCCVertices 26
3
InSameSCC 1 40
YES
InSameSCC 10 40
NO
InSameSCC 10 26
YES
InSameSCC 26 31
YES
InSameSCC 31 26
YES
InSameSCC 20 31
NO
PrintDigraph
40, 1 3, 1 4, 1 6, 1 8, 1 10, 1 11, 1 12, 1 13, 1 24, 1 26, 1 30, 1 31, 1 36, 1 37, 1 39, 1 40, 2 1, 2 3, 2 17, 2 22, 2 23, 2 31, 2 35, 2 36, 2 37, 2 39, 2 40, 3 2, 3 5, 3 8, 3 10, 3 12, 3 15, 3 17, 3 22, 3 24, 3 29, 3 30, 3 33, 3 35, 3 36, 3 37, 3 38, 3 39, 4 3, 4 10, 4 18, 4 19, 4 30, 4 32, 4 33, 4 39, 5 4, 5 7, 5 8, 5 11, 5 13, 5 17, 5 18, 5 21, 5 22, 5 24, 5 26, 5 27, 5 28, 5 29, 5 34, 5 38, 5 39, 6 1, 6 2, 6 5, 6 8, 6 15, 6 21, 7 2, 7 3, 7 4, 7 6, 7 10, 7 19, 7 21, 7 23, 7 33, 7 36, 7 37, 7 38, 7 40, 8 1, 8 2, 8 3, 8 5, 8 7, 8 9, 8 10, 8 11, 8 12, 8 15, 8 19, 8 20, 8 26, 8 27, 8 31, 8 32, 8 36, 8 39, 8 40, 9 1, 9 6, 9 8, 9 10, 9 11, 9 14, 9 15, 9 17, 9 18, 9 20, 9 23, 9 24, 9 25, 9 28, 9 31, 9 32, 9 36, 9 37, 10 31, 11 1, 11 2, 11 3, 11 7, 11 8, 11 9, 11 10, 11 15, 11 18, 11 20, 11 22, 11 25, 11 27, 11 29, 11 36, 12 4, 12 5, 12 6, 12 11, 12 23, 12 25, 12 27, 12 29, 12 30, 12 33, 12 35, 13 2, 13 4, 13 5, 13 9, 13 11, 13 12, 13 16, 13 19, 13 20, 13 22, 13 24, 13 25, 13 27, 13 28, 13 30, 13 32, 13 36, 13 40, 14 2, 14 4, 14 13, 14 26, 14 28, 14 29, 14 36, 14 37, 15 7, 15 8, 15 9, 15 10, 15 14, 15 16, 15 20, 15 25, 15 27, 15 31, 15 33, 15 35, 15 37, 15 40, 16 2, 16 5, 16 8, 16 9, 16 15, 16 18, 16 20, 16 21, 16 23, 16 28, 16 29, 16 30, 16 33, 16 34, 16 39, 17 10, 17 11, 17 15, 17 16, 17 20, 17 26, 17 29, 18 1, 18 3, 18 7, 18 9, 18 10, 18 13, 18 15, 18 17, 18 23, 18 25, 18 26, 18 28, 18 30, 18 31, 18 32, 18 33, 18 34, 18 35, 18 37, 19 8, 19 18, 19 21, 19 23, 19 26, 19 29, 19 33, 19 34, 20 5, 20 8, 20 12, 20 19, 20 23, 20 27, 20 39, 21 6, 21 12, 21 16, 21 20, 21 28, 22 1, 22 4, 22 5, 22 11, 22 13, 22 16, 22 17, 22 19, 22 21, 22 23, 22 24, 22 25, 22 29, 22 32, 22 34, 22 35, 22 37, 22 40, 23 5, 23 7, 23 9, 23 10, 23 11, 23 14, 23 15, 23 16, 23 18, 23 19, 23 22, 23 27, 23 29, 23 30, 23 32, 23 36, 23 38, 24 3, 24 4, 24 7, 24 9, 24 10, 24 12, 24 13, 24 14, 24 23, 24 25, 24 26, 24 29, 24 32, 24 34, 24 35, 24 36, 24 39, 24 40, 25 1, 25 5, 25 8, 25 9, 25 10, 25 11, 25 13, 25 15, 25 16, 25 18, 25 19, 25 24, 25 26, 25 27, 25 29, 26 10, 27 10, 27 17, 27 26, 27 36, 27 37, 28 10, 28 27, 28 38, 29 3, 29 9, 29 13, 29 17, 29 28, 29 32, 29 36, 29 38, 30 14, 30 17, 30 29, 30 40, 31 26, 32 1, 32 3, 32 5, 32 8, 32 13, 32 21, 32 22, 32 26, 32 27, 32 28, 32 31, 32 33, 32 37, 32 39, 33 2, 33 6, 33 7, 33 8, 33 9, 33 10, 33 14, 33 20, 33 22, 33 26, 33 31, 33 32, 33 38, 33 39, 34 1, 34 3, 34 6, 34 8, 34 9, 34 10, 34 14, 34 16, 34 23, 34 29, 34 33, 35 20, 35 31, 35 34, 36 9, 36 10, 36 11, 36 25, 36 28, 36 30, 36 34, 36 35, 37 3, 37 4, 37 5, 37 9, 37 11, 37 12, 37 16, 37 19, 37 22, 37 23, 37 25, 37 32, 37 33, 37 34, 37 36, 37 40, 38 3, 38 8, 38 9, 38 15, 38 19, 38 21, 38 22, 38 23, 38 25, 38 26, 38 27, 38 30, 38 32, 38 36, 38 37, 39 4, 39 5, 39 11, 39 18, 39 23, 39 25, 39 29, 39 38, 40 4, 40 6, 40 12, 40 14, 40 15, 40 17, 40 18, 40 22, 40 31, 40 33, 40 35, 40 37, 40 39
