PrintDigraph
10000, 501 506, 502 501, 502 503, 502 504, 502 505, 502 506, 502 507, 502 508, 502 509, 502 510, 502 511, 502 512, 502 513, 502 515, 502 516, 502 518, 502 519, 502 520, 503 515, 503 520, 504 501, 504 506, 504 507, 504 508, 504 510, 504 511, 504 519, 505 501, 505 503, 505 506, 505 511, 505 515, 506 503, 506 515, 506 520, 507 501, 507 503, 507 505, 507 506, 507 508, 507 511, 507 512, 507 515, 507 519, 507 520, 508 501, 508 503, 508 506, 508 511, 509 512, 509 520, 510 519, 510 520, 511 503, 511 515, 511 520, 512 501, 512 503, 512 505, 512 511, 512 515, 513 512, 514 503, 514 508, 514 515, 514 519, 514 520, 515 520, 516 514, 517 501, 517 508, 517 512, 517 518, 518 501, 518 503, 518 507, 518 508, 518 511, 518 512, 518 515, 518 519, 518 520, 519 501, 519 505, 519 506, 519 511, 519 515, 9000 9001
Acyclic
YES
TopoSort
501 506 503 515 520 
GetOrder
10000
GetSize
88
GetOutDegree 1
0
GetOutDegree 506
3
GetOutDegree 9000
1
AddEdge 520 9000
0
AddEdge 9001 9002
0
AddEdge 9002 9003
0
AddEdge 9003 9004
0
AddEdge 9004 9005
0
AddEdge 9005 9006
0
DeleteEdge 501 507
1
Distance 1 10000
INF
Distance 502 520
1
Distance 502 9006
8
Acyclic
YES
TopoSort
501 506 503 515 520 9000 9001 9002 9003 9004 9005 9006 
GetOrder
10000
GetSize
94
GetOutDegree 1
0
GetOutDegree 506
3
GetOutDegree 9000
1
AddEdge 9006 502
0
Acyclic
NO
TopoSort
IMPOSSIBLE
GetOrder
10000
GetSize
95
GetOutDegree 1
0
GetOutDegree 506
3
GetOutDegree 9000
1
