PrintDigraph
1000, 1 2, 1 4, 1 7, 1 8, 1 17, 1 18, 1 20, 2 14, 3 8, 3 18, 4 14, 4 17, 5 4, 5 15, 6 1, 6 3, 6 4, 6 7, 6 8, 6 9, 6 12, 6 14, 6 15, 6 16, 6 17, 6 18, 6 19, 6 20, 7 2, 7 14, 7 17, 8 2, 8 7, 8 14, 8 17, 9 8, 9 14, 9 17, 10 7, 10 8, 10 11, 10 12, 10 13, 10 17, 10 19, 10 20, 11 2, 11 3, 11 4, 11 5, 11 6, 11 7, 11 8, 11 9, 11 15, 11 17, 11 18, 11 19, 11 20, 12 2, 12 7, 12 8, 12 16, 12 19, 13 1, 13 3, 13 4, 13 5, 13 6, 13 7, 13 8, 13 9, 13 12, 13 15, 13 16, 13 17, 13 18, 13 19, 13 20, 15 1, 15 2, 15 4, 15 8, 15 9, 15 14, 15 17, 15 18, 15 20, 16 1, 16 2, 16 4, 16 7, 16 9, 16 15, 16 18, 16 20, 17 14, 18 8, 18 14, 18 17, 19 17, 20 8, 20 9, 20 14, 20 17, 20 18
Acyclic
YES
TopoSort
1 20 9 18 8 7 4 17 2 14 
GetOrder
1000
GetSize
106
GetOutDegree 21
0
GetOutDegree 1
7
GetOutDegree 42
0
GetOutDegree 33
0
AddEdge 49 50
0
AddEdge 32 21
0
AddEdge 42 13
0
AddEdge 100 21
0
AddEdge 95 42
0
AddEdge 42 1
0
AddEdge 1 34
0
AddEdge 34 18
0
AddEdge 18 22
0
AddEdge 3 22
0
AddEdge 3 34
0
AddEdge 34 11
0
AddEdge 11 21
0
AddEdge 21 49
0
AddEdge 49 37
0
AddEdge 2 15
0
DeleteEdge 32 21
0
DeleteEdge 43 1
1
DeleteEdge 6 16
0
Distance 1 50
5
Distance 1 21
3
Distance 3 15
3
Distance 7 19
6
Acyclic
NO
TopoSort
IMPOSSIBLE
GetOutDegree 21
1
GetOutDegree 1
8
GetOutDegree 42
2
GetOutDegree 33
0
PrintDigraph
1000, 1 2, 1 4, 1 7, 1 8, 1 17, 1 18, 1 20, 1 34, 2 14, 2 15, 3 8, 3 18, 3 22, 3 34, 4 14, 4 17, 5 4, 5 15, 6 1, 6 3, 6 4, 6 7, 6 8, 6 9, 6 12, 6 14, 6 15, 6 17, 6 18, 6 19, 6 20, 7 2, 7 14, 7 17, 8 2, 8 7, 8 14, 8 17, 9 8, 9 14, 9 17, 10 7, 10 8, 10 11, 10 12, 10 13, 10 17, 10 19, 10 20, 11 2, 11 3, 11 4, 11 5, 11 6, 11 7, 11 8, 11 9, 11 15, 11 17, 11 18, 11 19, 11 20, 11 21, 12 2, 12 7, 12 8, 12 16, 12 19, 13 1, 13 3, 13 4, 13 5, 13 6, 13 7, 13 8, 13 9, 13 12, 13 15, 13 16, 13 17, 13 18, 13 19, 13 20, 15 1, 15 2, 15 4, 15 8, 15 9, 15 14, 15 17, 15 18, 15 20, 16 1, 16 2, 16 4, 16 7, 16 9, 16 15, 16 18, 16 20, 17 14, 18 8, 18 14, 18 17, 18 22, 19 17, 20 8, 20 9, 20 14, 20 17, 20 18, 21 49, 34 11, 34 18, 42 1, 42 13, 49 37, 49 50, 95 42, 100 21
Distance 1 4 1
ERROR
Distance 0 4
ERROR
Distance 4 1001
ERROR
TopoSort
IMPOSSIBLE
