30, 1 21, 1 29, 2 6, 2 9, 3 26, 3 17, 3 30, 4 19, 4 6, 5 8, 5 14, 6 29, 6 15, 7 12, 7 18, 7 13, 7 22, 7 28, 9 25, 9 10, 10 21, 10 29, 11 30, 12 13, 13 22, 14 16, 14 30, 15 29, 15 27, 16 17, 16 24, 16 30, 17 20, 18 23, 20 30, 21 27, 21 29, 21 25, 22 23, 26 30
GetOrder
30
GetSize
40
GetNeighborCount 22
3
GetNeighborCount 12
2
GetNeighborCount 2
2
PathExists 30 4
NO
30, 1 21, 1 29, 2 6, 2 9, 3 26, 3 17, 3 30, 4 19, 4 6, 5 8, 5 14, 6 29, 6 15, 7 12, 7 18, 7 13, 7 22, 7 28, 9 25, 9 10, 10 21, 10 29, 11 30, 12 13, 13 22, 14 16, 14 30, 15 29, 15 27, 16 17, 16 24, 16 30, 17 20, 18 23, 20 30, 21 27, 21 29, 21 25, 22 23, 26 30
