AddEdge 10 30
0
AddEdge 10 55
0
AddEdge 10 2
0
AddEdge 10 72
0
AddEdge 10 23
0
AddEdge 10 40
0
AddEdge 10 63
0
AddEdge 10 90
0
AddEdge 10 45
0
AddEdge 10 43
0
AddEdge 10 28
0
AddEdge 10 84
0
AddEdge 10 7
0
AddEdge 10 24
0
AddEdge 10 27
0
AddEdge 10 94
0
AddEdge 10 48
0
AddEdge 10 93
0
AddEdge 10 74
0
AddEdge 10 46
0
AddEdge 10 79
0
AddEdge 11 67
0
AddEdge 11 63
0
AddEdge 11 28
0
AddEdge 11 31
0
AddEdge 11 23
0
AddEdge 11 7
0
AddEdge 11 18
0
AddEdge 11 77
0
AddEdge 11 16
0
AddEdge 11 93
0
AddEdge 11 55
0
AddEdge 11 24
0
AddEdge 11 49
0
AddEdge 11 78
0
AddEdge 11 45
0
AddEdge 11 90
0
AddEdge 11 46
0
AddEdge 12 18
0
AddEdge 12 88
0
AddEdge 12 33
0
AddEdge 12 85
0
AddEdge 12 92
0
AddEdge 12 1
0
AddEdge 12 6
0
AddEdge 12 49
0
AddEdge 12 17
0
AddEdge 12 87
0
AddEdge 12 89
0
AddEdge 12 43
0
AddEdge 12 91
0
AddEdge 12 99
0
AddEdge 12 95
0
AddEdge 12 74
0
AddEdge 13 53
0
AddEdge 13 84
0
AddEdge 13 73
0
AddEdge 13 65
0
AddEdge 13 91
0
AddEdge 13 11
0
AddEdge 13 20
0
AddEdge 13 47
0
AddEdge 13 97
0
AddEdge 13 4
0
AddEdge 13 36
0
AddEdge 13 35
0
AddEdge 13 88
0
AddEdge 13 37
0
AddEdge 13 28
0
AddEdge 13 80
0
AddEdge 13 3
0
AddEdge 13 2
0
AddEdge 20 78
0
AddEdge 20 36
0
AddEdge 20 16
0
AddEdge 20 93
0
AddEdge 20 79
0
AddEdge 20 46
0
AddEdge 20 90
0
AddEdge 20 4
0
AddEdge 20 43
0
AddEdge 20 88
0
AddEdge 20 39
0
AddEdge 20 33
0
AddEdge 20 94
0
AddEdge 20 99
0
AddEdge 20 7
0
AddEdge 20 34
0
AddEdge 20 18
0
AddEdge 21 1
0
AddEdge 21 45
0
AddEdge 21 63
0
AddEdge 21 17
0
AddEdge 21 20
0
AddEdge 21 46
0
AddEdge 21 9
0
AddEdge 21 59
0
AddEdge 21 33
0
AddEdge 21 40
0
AddEdge 21 85
0
AddEdge 21 82
0
AddEdge 21 92
0
AddEdge 21 24
0
AddEdge 21 6
0
AddEdge 21 18
0
AddEdge 21 48
0
AddEdge 21 87
0
AddEdge 21 74
0
AddEdge 21 4
0
AddEdge 21 28
0
AddEdge 21 94
0
AddEdge 21 35
0
AddEdge 21 67
0
AddEdge 21 11
0
AddEdge 21 73
0
AddEdge 21 83
0
AddEdge 21 2
0
AddEdge 21 39
0
AddEdge 21 47
0
AddEdge 21 32
0
AddEdge 21 95
0
AddEdge 21 99
0
AddEdge 21 36
0
AddEdge 21 61
0
AddEdge 21 7
0
AddEdge 21 79
0
AddEdge 21 72
0
AddEdge 21 86
0
AddEdge 21 10
0
AddEdge 21 34
0
AddEdge 21 54
0
AddEdge 21 23
0
AddEdge 21 75
0
AddEdge 21 8
0
AddEdge 21 90
0
AddEdge 21 37
0
AddEdge 21 43
0
AddEdge 21 77
0
AddEdge 21 80
0
AddEdge 21 3
0
AddEdge 21 22
0
AddEdge 21 30
0
AddEdge 21 41
0
AddEdge 22 26
0
AddEdge 22 78
0
AddEdge 22 16
0
AddEdge 22 67
0
AddEdge 22 80
0
AddEdge 22 45
0
AddEdge 22 30
0
AddEdge 22 93
0
AddEdge 22 34
0
AddEdge 22 24
0
AddEdge 22 39
0
AddEdge 22 33
0
AddEdge 22 18
0
AddEdge 22 77
0
AddEdge 22 11
0
AddEdge 22 56
0
AddEdge 22 43
0
AddEdge 22 40
0
AddEdge 22 94
0
AddEdge 22 4
0
AddEdge 22 7
0
AddEdge 22 2
0
AddEdge 22 46
0
AddEdge 22 88
0
AddEdge 22 55
0
AddEdge 22 31
0
AddEdge 22 49
0
AddEdge 22 36
0
AddEdge 22 97
0
AddEdge 22 23
0
AddEdge 22 84
0
AddEdge 22 74
0
AddEdge 22 28
0
AddEdge 22 59
0
AddEdge 22 48
0
AddEdge 22 90
0
AddEdge 22 63
0
AddEdge 22 61
0
AddEdge 22 79
0
AddEdge 22 32
0
AddEdge 23 78
0
AddEdge 23 27
0
AddEdge 23 45
0
AddEdge 23 39
0
AddEdge 23 2
0
AddEdge 23 31
0
AddEdge 23 36
0
AddEdge 23 84
0
AddEdge 23 40
0
AddEdge 23 59
0
AddEdge 23 77
0
AddEdge 23 28
0
AddEdge 23 43
0
AddEdge 23 46
0
AddEdge 23 99
0
AddEdge 23 67
0
AddEdge 23 49
0
AddEdge 23 16
0
AddEdge 23 24
0
AddEdge 24 16
0
AddEdge 24 7
0
AddEdge 24 40
0
AddEdge 24 77
0
AddEdge 24 31
0
AddEdge 24 88
0
AddEdge 24 43
0
AddEdge 24 90
0
AddEdge 24 78
0
AddEdge 24 94
0
AddEdge 24 99
0
AddEdge 24 36
0
AddEdge 24 39
0
AddEdge 30 49
0
AddEdge 30 34
0
AddEdge 30 32
0
AddEdge 30 72
0
AddEdge 30 90
0
AddEdge 30 79
0
AddEdge 30 24
0
AddEdge 30 23
0
AddEdge 30 46
0
AddEdge 31 99
0
AddEdge 31 88
0
AddEdge 31 28
0
AddEdge 31 4
0
AddEdge 31 34
0
AddEdge 31 33
0
AddEdge 31 79
0
AddEdge 31 43
0
AddEdge 31 94
0
AddEdge 31 77
0
AddEdge 31 90
0
AddEdge 32 43
0
AddEdge 33 90
0
AddEdge 33 28
0
AddEdge 33 77
0
AddEdge 33 99
0
AddEdge 33 34
0
AddEdge 34 90
0
AddEdge 35 39
0
AddEdge 35 87
0
AddEdge 35 74
0
AddEdge 35 17
0
AddEdge 35 22
0
AddEdge 35 24
0
AddEdge 35 67
0
AddEdge 35 9
0
AddEdge 35 88
0
AddEdge 35 10
0
AddEdge 35 1
0
AddEdge 35 93
0
AddEdge 35 48
0
AddEdge 35 59
0
AddEdge 35 8
0
AddEdge 35 56
0
AddEdge 35 78
0
AddEdge 35 100
0
AddEdge 35 3
0
AddEdge 35 31
0
AddEdge 35 36
0
AddEdge 35 80
0
AddEdge 35 97
0
AddEdge 35 90
0
AddEdge 35 11
0
AddEdge 35 40
0
AddEdge 35 55
0
AddEdge 35 47
0
AddEdge 35 49
0
AddEdge 35 18
0
AddEdge 35 30
0
AddEdge 35 46
0
AddEdge 35 65
0
AddEdge 35 43
0
AddEdge 35 45
0
AddEdge 35 33
0
AddEdge 35 91
0
AddEdge 35 94
0
AddEdge 35 82
0
AddEdge 35 89
0
AddEdge 35 99
0
AddEdge 35 4
0
AddEdge 35 63
0
AddEdge 35 95
0
AddEdge 35 72
0
AddEdge 35 34
0
AddEdge 35 84
0
AddEdge 35 77
0
AddEdge 35 6
0
AddEdge 35 27
0
AddEdge 35 41
0
AddEdge 35 7
0
AddEdge 35 75
0
AddEdge 35 83
0
AddEdge 35 92
0
AddEdge 35 37
0
AddEdge 35 86
0
AddEdge 35 23
0
AddEdge 35 32
0
AddEdge 35 28
0
AddEdge 35 2
0
AddEdge 36 7
0
AddEdge 36 18
0
AddEdge 36 43
0
AddEdge 36 79
0
AddEdge 36 94
0
AddEdge 36 31
0
AddEdge 37 61
0
AddEdge 37 46
0
AddEdge 45 33
0
AddEdge 45 94
0
AddEdge 45 7
0
AddEdge 45 16
0
AddEdge 45 28
0
AddEdge 45 59
0
AddEdge 45 90
0
AddEdge 45 40
0
AddEdge 45 4
0
AddEdge 45 46
0
AddEdge 45 56
0
AddEdge 45 43
0
AddEdge 45 24
0
AddEdge 45 78
0
AddEdge 45 93
0
AddEdge 45 48
0
AddEdge 45 20
0
AddEdge 45 1
0
AddEdge 46 94
0
AddEdge 46 16
0
AddEdge 46 88
0
AddEdge 46 33
0
AddEdge 47 16
0
AddEdge 47 88
0
AddEdge 47 10
0
AddEdge 47 43
0
AddEdge 47 20
0
AddEdge 47 1
0
AddEdge 47 63
0
AddEdge 47 67
0
AddEdge 47 90
0
AddEdge 47 99
0
AddEdge 47 24
0
AddEdge 47 79
0
AddEdge 47 31
0
AddEdge 47 36
0
AddEdge 47 7
0
AddEdge 47 46
0
AddEdge 47 89
0
AddEdge 47 78
0
AddEdge 47 77
0
AddEdge 47 84
0
AddEdge 47 73
0
AddEdge 47 32
0
AddEdge 47 45
0
AddEdge 47 97
0
AddEdge 47 30
0
AddEdge 47 92
0
AddEdge 47 94
0
AddEdge 47 23
0
AddEdge 47 93
0
AddEdge 47 49
0
AddEdge 47 72
0
AddEdge 47 11
0
AddEdge 47 37
0
AddEdge 48 93
0
AddEdge 48 43
0
AddEdge 48 36
0
AddEdge 48 46
0
AddEdge 48 34
0
AddEdge 48 1
0
AddEdge 48 88
0
AddEdge 48 90
0
AddEdge 48 99
0
AddEdge 48 77
0
AddEdge 48 24
0
AddEdge 48 16
0
AddEdge 48 31
0
AddEdge 48 28
0
AddEdge 48 39
0
AddEdge 48 40
0
AddEdge 49 90
0
AddEdge 49 88
0
AddEdge 49 78
0
AddEdge 49 77
0
AddEdge 49 40
0
AddEdge 49 67
0
AddEdge 49 45
0
AddEdge 49 36
0
AddEdge 49 39
0
AddEdge 49 7
0
AddEdge 49 28
0
AddEdge 49 94
0
AddEdge 49 93
0
AddEdge 49 34
0
AddEdge 49 33
0
AddEdge 49 48
0
AddEdge 49 1
0
AddEdge 49 24
0
AddEdge 49 59
0
AddEdge 50 88
0
AddEdge 50 79
0
AddEdge 50 2
0
AddEdge 50 65
0
PrintDigraph
100, 1 28, 1 88, 1 90, 2 4, 2 16, 2 20, 2 24, 2 31, 2 34, 2 43, 2 45, 2 48, 2 56, 2 79, 2 93, 2 94, 2 99, 3 7, 3 18, 3 30, 3 39, 3 41, 4 88, 5 2, 5 6, 5 12, 5 13, 5 16, 5 27, 5 31, 5 32, 5 44, 5 55, 5 62, 5 67, 5 72, 5 78, 5 86, 5 87, 5 88, 5 99, 6 55, 6 67, 6 72, 6 90, 6 97, 6 99, 7 4, 7 28, 7 31, 7 33, 7 34, 7 43, 7 77, 7 79, 7 88, 7 90, 7 94, 7 99, 8 2, 8 4, 8 6, 8 7, 8 10, 8 11, 8 16, 8 20, 8 22, 8 23, 8 24, 8 26, 8 27, 8 28, 8 30, 8 31, 8 32, 8 33, 8 34, 8 36, 8 37, 8 39, 8 40, 8 43, 8 45, 8 46, 8 47, 8 48, 8 49, 8 55, 8 56, 8 59, 8 61, 8 63, 8 67, 8 72, 8 73, 8 74, 8 77, 8 80, 8 82, 8 83, 8 84, 8 88, 8 89, 8 91, 8 92, 8 93, 8 94, 8 97, 8 99, 9 4, 9 6, 9 7, 9 10, 9 11, 9 17, 9 18, 9 20, 9 26, 9 31, 9 36, 9 40, 9 41, 9 43, 9 45, 9 46, 9 48, 9 49, 9 55, 9 56, 9 61, 9 65, 9 72, 9 73, 9 74, 9 77, 9 78, 9 82, 9 83, 9 84, 9 86, 9 87, 9 90, 9 93, 9 99, 10 1, 10 2, 10 4, 10 7, 10 11, 10 18, 10 20, 10 22, 10 23, 10 24, 10 26, 10 27, 10 28, 10 30, 10 34, 10 36, 10 39, 10 40, 10 43, 10 45, 10 46, 10 48, 10 49, 10 55, 10 56, 10 59, 10 63, 10 67, 10 72, 10 74, 10 78, 10 79, 10 80, 10 83, 10 84, 10 88, 10 90, 10 93, 10 94, 10 97, 10 99, 11 7, 11 16, 11 18, 11 23, 11 24, 11 28, 11 31, 11 45, 11 46, 11 49, 11 55, 11 63, 11 67, 11 77, 11 78, 11 90, 11 93, 12 1, 12 6, 12 17, 12 18, 12 33, 12 43, 12 49, 12 74, 12 85, 12 87, 12 88, 12 89, 12 91, 12 92, 12 95, 12 99, 13 2, 13 3, 13 4, 13 11, 13 20, 13 28, 13 35, 13 36, 13 37, 13 47, 13 53, 13 65, 13 73, 13 80, 13 84, 13 88, 13 91, 13 97, 20 4, 20 7, 20 16, 20 18, 20 33, 20 34, 20 36, 20 39, 20 43, 20 46, 20 78, 20 79, 20 88, 20 90, 20 93, 20 94, 20 99, 21 1, 21 2, 21 3, 21 4, 21 6, 21 7, 21 8, 21 9, 21 10, 21 11, 21 17, 21 18, 21 20, 21 22, 21 23, 21 24, 21 28, 21 30, 21 32, 21 33, 21 34, 21 35, 21 36, 21 37, 21 39, 21 40, 21 41, 21 43, 21 45, 21 46, 21 47, 21 48, 21 54, 21 59, 21 61, 21 63, 21 67, 21 72, 21 73, 21 74, 21 75, 21 77, 21 79, 21 80, 21 82, 21 83, 21 85, 21 86, 21 87, 21 90, 21 92, 21 94, 21 95, 21 99, 22 2, 22 4, 22 7, 22 11, 22 16, 22 18, 22 23, 22 24, 22 26, 22 28, 22 30, 22 31, 22 32, 22 33, 22 34, 22 36, 22 39, 22 40, 22 43, 22 45, 22 46, 22 48, 22 49, 22 55, 22 56, 22 59, 22 61, 22 63, 22 67, 22 74, 22 77, 22 78, 22 79, 22 80, 22 84, 22 88, 22 90, 22 93, 22 94, 22 97, 23 2, 23 16, 23 24, 23 27, 23 28, 23 31, 23 36, 23 39, 23 40, 23 43, 23 45, 23 46, 23 49, 23 59, 23 67, 23 77, 23 78, 23 84, 23 99, 24 7, 24 16, 24 31, 24 36, 24 39, 24 40, 24 43, 24 77, 24 78, 24 88, 24 90, 24 94, 24 99, 30 23, 30 24, 30 32, 30 34, 30 46, 30 49, 30 72, 30 79, 30 90, 31 4, 31 28, 31 33, 31 34, 31 43, 31 77, 31 79, 31 88, 31 90, 31 94, 31 99, 32 43, 33 28, 33 34, 33 77, 33 90, 33 99, 34 90, 35 1, 35 2, 35 3, 35 4, 35 6, 35 7, 35 8, 35 9, 35 10, 35 11, 35 17, 35 18, 35 22, 35 23, 35 24, 35 27, 35 28, 35 30, 35 31, 35 32, 35 33, 35 34, 35 36, 35 37, 35 39, 35 40, 35 41, 35 43, 35 45, 35 46, 35 47, 35 48, 35 49, 35 55, 35 56, 35 59, 35 63, 35 65, 35 67, 35 72, 35 74, 35 75, 35 77, 35 78, 35 80, 35 82, 35 83, 35 84, 35 86, 35 87, 35 88, 35 89, 35 90, 35 91, 35 92, 35 93, 35 94, 35 95, 35 97, 35 99, 35 100, 36 7, 36 18, 36 31, 36 43, 36 79, 36 94, 37 46, 37 61, 45 1, 45 4, 45 7, 45 16, 45 20, 45 24, 45 28, 45 33, 45 40, 45 43, 45 46, 45 48, 45 56, 45 59, 45 78, 45 90, 45 93, 45 94, 46 16, 46 33, 46 88, 46 94, 47 1, 47 7, 47 10, 47 11, 47 16, 47 20, 47 23, 47 24, 47 30, 47 31, 47 32, 47 36, 47 37, 47 43, 47 45, 47 46, 47 49, 47 63, 47 67, 47 72, 47 73, 47 77, 47 78, 47 79, 47 84, 47 88, 47 89, 47 90, 47 92, 47 93, 47 94, 47 97, 47 99, 48 1, 48 16, 48 24, 48 28, 48 31, 48 34, 48 36, 48 39, 48 40, 48 43, 48 46, 48 77, 48 88, 48 90, 48 93, 48 99, 49 1, 49 7, 49 24, 49 28, 49 33, 49 34, 49 36, 49 39, 49 40, 49 45, 49 48, 49 59, 49 67, 49 77, 49 78, 49 88, 49 90, 49 93, 49 94, 50 2, 50 65, 50 79, 50 88
Acyclic
YES
TopoSort
98 96 81 76 71 70 69 68 66 64 60 58 57 52 51 50 42 38 29 25 21 54 19 15 14 5 62 13 53 35 100 75 9 86 8 82 47 73 37 10 83 22 80 61 26 11 63 65 12 95 92 91 89 87 85 17 74 44 6 55 97 3 30 23 27 84 49 67 72 32 41 2 45 59 56 20 48 93 24 39 36 18 78 46 16 40 7 31 94 79 33 77 43 4 99 34 1 28 90 88
GetOrder
100
GetSize
570
GetOutDegree 21
54
GetOutDegree 1
3
GetOutDegree 42
0
GetOutDegree 33
5
AddEdge 49 50
0
AddEdge 32 21
0
AddEdge 42 13
0
AddEdge 100 21
0
AddEdge 95 42
0
AddEdge 42 1
0
AddEdge 1 34
0
AddEdge 34 18
0
AddEdge 18 22
0
AddEdge 3 22
0
AddEdge 3 34
0
AddEdge 34 11
0
AddEdge 11 21
0
AddEdge 21 49
0
AddEdge 49 37
0
AddEdge 2 15
0
DeleteEdge 32 21
0
DeleteEdge 43 1
1
DeleteEdge 6 16
1
Distance 1 50
*4
Distance 1 21
*3
Distance 3 15
*3
Distance 7 19
INF
Acyclic
NO
TopoSort
IMPOSSIBLE
GetOutDegree 21
55
GetOutDegree 1
4
GetOutDegree 42
2
GetOutDegree 33
5
PrintDigraph
100, 1 28, 1 34, 1 88, 1 90, 2 4, 2 15, 2 16, 2 20, 2 24, 2 31, 2 34, 2 43, 2 45, 2 48, 2 56, 2 79, 2 93, 2 94, 2 99, 3 7, 3 18, 3 22, 3 30, 3 34, 3 39, 3 41, 4 88, 5 2, 5 6, 5 12, 5 13, 5 16, 5 27, 5 31, 5 32, 5 44, 5 55, 5 62, 5 67, 5 72, 5 78, 5 86, 5 87, 5 88, 5 99, 6 55, 6 67, 6 72, 6 90, 6 97, 6 99, 7 4, 7 28, 7 31, 7 33, 7 34, 7 43, 7 77, 7 79, 7 88, 7 90, 7 94, 7 99, 8 2, 8 4, 8 6, 8 7, 8 10, 8 11, 8 16, 8 20, 8 22, 8 23, 8 24, 8 26, 8 27, 8 28, 8 30, 8 31, 8 32, 8 33, 8 34, 8 36, 8 37, 8 39, 8 40, 8 43, 8 45, 8 46, 8 47, 8 48, 8 49, 8 55, 8 56, 8 59, 8 61, 8 63, 8 67, 8 72, 8 73, 8 74, 8 77, 8 80, 8 82, 8 83, 8 84, 8 88, 8 89, 8 91, 8 92, 8 93, 8 94, 8 97, 8 99, 9 4, 9 6, 9 7, 9 10, 9 11, 9 17, 9 18, 9 20, 9 26, 9 31, 9 36, 9 40, 9 41, 9 43, 9 45, 9 46, 9 48, 9 49, 9 55, 9 56, 9 61, 9 65, 9 72, 9 73, 9 74, 9 77, 9 78, 9 82, 9 83, 9 84, 9 86, 9 87, 9 90, 9 93, 9 99, 10 1, 10 2, 10 4, 10 7, 10 11, 10 18, 10 20, 10 22, 10 23, 10 24, 10 26, 10 27, 10 28, 10 30, 10 34, 10 36, 10 39, 10 40, 10 43, 10 45, 10 46, 10 48, 10 49, 10 55, 10 56, 10 59, 10 63, 10 67, 10 72, 10 74, 10 78, 10 79, 10 80, 10 83, 10 84, 10 88, 10 90, 10 93, 10 94, 10 97, 10 99, 11 7, 11 16, 11 18, 11 21, 11 23, 11 24, 11 28, 11 31, 11 45, 11 46, 11 49, 11 55, 11 63, 11 67, 11 77, 11 78, 11 90, 11 93, 12 1, 12 6, 12 17, 12 18, 12 33, 12 43, 12 49, 12 74, 12 85, 12 87, 12 88, 12 89, 12 91, 12 92, 12 95, 12 99, 13 2, 13 3, 13 4, 13 11, 13 20, 13 28, 13 35, 13 36, 13 37, 13 47, 13 53, 13 65, 13 73, 13 80, 13 84, 13 88, 13 91, 13 97, 18 22, 20 4, 20 7, 20 16, 20 18, 20 33, 20 34, 20 36, 20 39, 20 43, 20 46, 20 78, 20 79, 20 88, 20 90, 20 93, 20 94, 20 99, 21 1, 21 2, 21 3, 21 4, 21 6, 21 7, 21 8, 21 9, 21 10, 21 11, 21 17, 21 18, 21 20, 21 22, 21 23, 21 24, 21 28, 21 30, 21 32, 21 33, 21 34, 21 35, 21 36, 21 37, 21 39, 21 40, 21 41, 21 43, 21 45, 21 46, 21 47, 21 48, 21 49, 21 54, 21 59, 21 61, 21 63, 21 67, 21 72, 21 73, 21 74, 21 75, 21 77, 21 79, 21 80, 21 82, 21 83, 21 85, 21 86, 21 87, 21 90, 21 92, 21 94, 21 95, 21 99, 22 2, 22 4, 22 7, 22 11, 22 16, 22 18, 22 23, 22 24, 22 26, 22 28, 22 30, 22 31, 22 32, 22 33, 22 34, 22 36, 22 39, 22 40, 22 43, 22 45, 22 46, 22 48, 22 49, 22 55, 22 56, 22 59, 22 61, 22 63, 22 67, 22 74, 22 77, 22 78, 22 79, 22 80, 22 84, 22 88, 22 90, 22 93, 22 94, 22 97, 23 2, 23 16, 23 24, 23 27, 23 28, 23 31, 23 36, 23 39, 23 40, 23 43, 23 45, 23 46, 23 49, 23 59, 23 67, 23 77, 23 78, 23 84, 23 99, 24 7, 24 16, 24 31, 24 36, 24 39, 24 40, 24 43, 24 77, 24 78, 24 88, 24 90, 24 94, 24 99, 30 23, 30 24, 30 32, 30 34, 30 46, 30 49, 30 72, 30 79, 30 90, 31 4, 31 28, 31 33, 31 34, 31 43, 31 77, 31 79, 31 88, 31 90, 31 94, 31 99, 32 43, 33 28, 33 34, 33 77, 33 90, 33 99, 34 11, 34 18, 34 90, 35 1, 35 2, 35 3, 35 4, 35 6, 35 7, 35 8, 35 9, 35 10, 35 11, 35 17, 35 18, 35 22, 35 23, 35 24, 35 27, 35 28, 35 30, 35 31, 35 32, 35 33, 35 34, 35 36, 35 37, 35 39, 35 40, 35 41, 35 43, 35 45, 35 46, 35 47, 35 48, 35 49, 35 55, 35 56, 35 59, 35 63, 35 65, 35 67, 35 72, 35 74, 35 75, 35 77, 35 78, 35 80, 35 82, 35 83, 35 84, 35 86, 35 87, 35 88, 35 89, 35 90, 35 91, 35 92, 35 93, 35 94, 35 95, 35 97, 35 99, 35 100, 36 7, 36 18, 36 31, 36 43, 36 79, 36 94, 37 46, 37 61, 42 1, 42 13, 45 1, 45 4, 45 7, 45 16, 45 20, 45 24, 45 28, 45 33, 45 40, 45 43, 45 46, 45 48, 45 56, 45 59, 45 78, 45 90, 45 93, 45 94, 46 16, 46 33, 46 88, 46 94, 47 1, 47 7, 47 10, 47 11, 47 16, 47 20, 47 23, 47 24, 47 30, 47 31, 47 32, 47 36, 47 37, 47 43, 47 45, 47 46, 47 49, 47 63, 47 67, 47 72, 47 73, 47 77, 47 78, 47 79, 47 84, 47 88, 47 89, 47 90, 47 92, 47 93, 47 94, 47 97, 47 99, 48 1, 48 16, 48 24, 48 28, 48 31, 48 34, 48 36, 48 39, 48 40, 48 43, 48 46, 48 77, 48 88, 48 90, 48 93, 48 99, 49 1, 49 7, 49 24, 49 28, 49 33, 49 34, 49 36, 49 37, 49 39, 49 40, 49 45, 49 48, 49 50, 49 59, 49 67, 49 77, 49 78, 49 88, 49 90, 49 93, 49 94, 50 2, 50 65, 50 79, 50 88, 95 42, 100 21
DeleteEdge 1 4 1
ERROR
AddEdge 1
ERROR
AddEdge 3 101
-1
DeleteEdge 0 4
-1
