AddEdge 12 28
0
AddEdge 12 49
0
AddEdge 12 34
0
AddEdge 12 27
0
AddEdge 12 4
0
AddEdge 12 17
0
AddEdge 12 47
0
AddEdge 12 30
0
AddEdge 12 44
0
AddEdge 12 2
0
AddEdge 12 37
0
AddEdge 12 13
0
AddEdge 12 23
0
AddEdge 12 3
0
AddEdge 12 21
0
AddEdge 12 5
0
AddEdge 12 42
0
AddEdge 12 46
0
AddEdge 12 20
0
AddEdge 12 7
0
AddEdge 13 2
0
AddEdge 13 9
0
AddEdge 13 28
0
AddEdge 13 37
0
AddEdge 13 3
0
AddEdge 13 25
0
AddEdge 13 49
0
AddEdge 13 24
0
AddEdge 13 42
0
AddEdge 14 48
0
AddEdge 14 9
0
AddEdge 14 20
0
AddEdge 14 34
0
AddEdge 14 33
0
AddEdge 14 7
0
AddEdge 14 25
0
AddEdge 14 49
0
AddEdge 14 28
0
AddEdge 14 42
0
AddEdge 14 32
0
AddEdge 14 27
0
AddEdge 14 3
0
AddEdge 14 2
0
AddEdge 14 13
0
AddEdge 14 4
0
AddEdge 14 24
0
AddEdge 14 46
0
AddEdge 14 23
0
AddEdge 14 44
0
AddEdge 14 22
0
AddEdge 14 30
0
AddEdge 15 30
0
AddEdge 15 43
0
AddEdge 15 21
0
AddEdge 15 24
0
AddEdge 15 34
0
AddEdge 15 42
0
AddEdge 15 7
0
AddEdge 15 27
0
AddEdge 15 13
0
AddEdge 15 19
0
AddEdge 15 4
0
AddEdge 15 12
0
AddEdge 15 2
0
AddEdge 15 26
0
AddEdge 15 48
0
AddEdge 15 3
0
AddEdge 15 5
0
AddEdge 15 20
0
AddEdge 15 22
0
AddEdge 15 10
0
AddEdge 15 49
0
AddEdge 15 38
0
AddEdge 15 37
0
AddEdge 15 14
0
AddEdge 15 25
0
AddEdge 15 50
0
AddEdge 15 36
0
AddEdge 15 23
0
AddEdge 15 46
0
AddEdge 15 44
0
AddEdge 15 45
0
AddEdge 15 9
0
AddEdge 15 18
0
AddEdge 15 11
0
AddEdge 15 17
0
AddEdge 15 33
0
AddEdge 16 46
0
AddEdge 16 27
0
AddEdge 16 4
0
AddEdge 16 48
0
AddEdge 16 19
0
AddEdge 16 24
0
AddEdge 16 34
0
AddEdge 16 21
0
AddEdge 16 47
0
AddEdge 16 45
0
AddEdge 16 26
0
AddEdge 16 7
0
AddEdge 16 44
0
AddEdge 16 42
0
AddEdge 16 33
0
AddEdge 16 28
0
AddEdge 16 18
0
AddEdge 16 3
0
AddEdge 16 23
0
AddEdge 16 13
0
AddEdge 16 12
0
AddEdge 17 27
0
AddEdge 17 28
0
AddEdge 17 33
0
AddEdge 17 5
0
AddEdge 17 9
0
AddEdge 17 48
0
AddEdge 17 3
0
AddEdge 17 23
0
AddEdge 17 47
0
AddEdge 17 7
0
AddEdge 17 32
0
AddEdge 17 2
0
AddEdge 17 37
0
AddEdge 17 22
0
AddEdge 17 49
0
AddEdge 17 34
0
AddEdge 17 20
0
AddEdge 17 46
0
AddEdge 17 42
0
AddEdge 17 24
0
AddEdge 17 4
0
AddEdge 18 27
0
AddEdge 18 28
0
AddEdge 18 46
0
AddEdge 18 3
0
AddEdge 18 14
0
AddEdge 18 37
0
AddEdge 18 25
0
AddEdge 18 22
0
AddEdge 18 20
0
AddEdge 18 44
0
AddEdge 18 24
0
AddEdge 18 4
0
AddEdge 18 9
0
AddEdge 18 33
0
AddEdge 18 21
0
AddEdge 18 5
0
AddEdge 18 30
0
AddEdge 18 49
0
AddEdge 18 13
0
AddEdge 18 23
0
AddEdge 18 2
0
AddEdge 18 47
0
AddEdge 18 48
0
AddEdge 19 47
0
AddEdge 19 5
0
AddEdge 19 2
0
AddEdge 19 42
0
AddEdge 19 20
0
AddEdge 19 24
0
AddEdge 19 14
0
AddEdge 19 30
0
AddEdge 19 34
0
AddEdge 19 22
0
AddEdge 19 49
0
AddEdge 19 26
0
AddEdge 19 37
0
AddEdge 19 50
0
AddEdge 19 48
0
AddEdge 19 4
0
AddEdge 19 33
0
AddEdge 19 12
0
AddEdge 19 9
0
AddEdge 19 44
0
AddEdge 19 3
0
AddEdge 19 7
0
AddEdge 19 13
0
AddEdge 19 46
0
AddEdge 19 32
0
AddEdge 19 28
0
AddEdge 19 18
0
AddEdge 19 17
0
AddEdge 19 23
0
AddEdge 19 38
0
AddEdge 19 27
0
AddEdge 19 45
0
AddEdge 19 21
0
AddEdge 20 4
0
AddEdge 20 37
0
AddEdge 20 28
0
AddEdge 21 37
0
AddEdge 21 24
0
AddEdge 21 20
0
AddEdge 21 17
0
AddEdge 21 13
0
AddEdge 21 14
0
AddEdge 21 5
0
AddEdge 21 25
0
AddEdge 21 27
0
AddEdge 21 28
0
AddEdge 21 47
0
AddEdge 21 32
0
PrintDigraph
50, 1 2, 1 3, 1 5, 1 7, 1 9, 1 10, 1 12, 1 13, 1 14, 1 15, 1 17, 1 18, 1 19, 1 22, 1 23, 1 24, 1 25, 1 26, 1 28, 1 30, 1 32, 1 33, 1 34, 1 37, 1 43, 1 44, 1 45, 1 46, 1 47, 1 48, 1 49, 1 50, 2 9, 2 24, 2 25, 2 33, 2 34, 2 37, 2 42, 3 2, 3 4, 3 9, 3 22, 3 24, 3 27, 3 37, 3 42, 3 49, 4 33, 5 9, 5 24, 5 27, 5 28, 5 50, 6 5, 6 7, 6 8, 6 11, 6 13, 6 17, 6 18, 6 19, 6 21, 6 26, 6 30, 6 33, 6 34, 6 35, 6 36, 6 38, 6 39, 6 43, 6 47, 6 48, 7 3, 7 4, 7 9, 7 13, 7 24, 7 33, 7 34, 7 37, 7 42, 7 44, 7 49, 8 2, 8 3, 8 4, 8 5, 8 7, 8 9, 8 10, 8 11, 8 12, 8 14, 8 16, 8 17, 8 18, 8 19, 8 20, 8 21, 8 22, 8 23, 8 24, 8 25, 8 26, 8 27, 8 28, 8 32, 8 33, 8 34, 8 35, 8 36, 8 38, 8 39, 8 44, 8 45, 8 46, 8 47, 8 48, 8 49, 8 50, 9 24, 9 28, 9 32, 9 33, 10 2, 10 3, 10 4, 10 5, 10 7, 10 14, 10 17, 10 19, 10 22, 10 23, 10 27, 10 28, 10 30, 10 37, 10 38, 10 42, 10 44, 10 46, 10 48, 10 49, 10 50, 11 5, 11 10, 11 13, 11 14, 11 19, 11 22, 11 24, 11 30, 11 37, 11 38, 11 44, 11 47, 11 48, 11 50, 12 2, 12 3, 12 4, 12 5, 12 7, 12 13, 12 17, 12 20, 12 21, 12 23, 12 27, 12 28, 12 30, 12 33, 12 34, 12 37, 12 38, 12 42, 12 44, 12 46, 12 47, 12 48, 12 49, 13 2, 13 3, 13 9, 13 24, 13 25, 13 28, 13 37, 13 42, 13 49, 14 2, 14 3, 14 4, 14 7, 14 9, 14 13, 14 20, 14 22, 14 23, 14 24, 14 25, 14 27, 14 28, 14 30, 14 32, 14 33, 14 34, 14 42, 14 44, 14 46, 14 48, 14 49, 15 2, 15 3, 15 4, 15 5, 15 7, 15 9, 15 10, 15 11, 15 12, 15 13, 15 14, 15 17, 15 18, 15 19, 15 20, 15 21, 15 22, 15 23, 15 24, 15 25, 15 26, 15 27, 15 30, 15 33, 15 34, 15 36, 15 37, 15 38, 15 42, 15 43, 15 44, 15 45, 15 46, 15 48, 15 49, 15 50, 16 3, 16 4, 16 7, 16 12, 16 13, 16 18, 16 19, 16 21, 16 23, 16 24, 16 26, 16 27, 16 28, 16 33, 16 34, 16 42, 16 44, 16 45, 16 46, 16 47, 16 48, 17 2, 17 3, 17 4, 17 5, 17 7, 17 9, 17 20, 17 22, 17 23, 17 24, 17 27, 17 28, 17 32, 17 33, 17 34, 17 37, 17 42, 17 46, 17 47, 17 48, 17 49, 18 2, 18 3, 18 4, 18 5, 18 9, 18 13, 18 14, 18 20, 18 21, 18 22, 18 23, 18 24, 18 25, 18 27, 18 28, 18 30, 18 33, 18 37, 18 44, 18 46, 18 47, 18 48, 18 49, 19 2, 19 3, 19 4, 19 5, 19 7, 19 9, 19 12, 19 13, 19 14, 19 17, 19 18, 19 20, 19 21, 19 22, 19 23, 19 24, 19 26, 19 27, 19 28, 19 30, 19 32, 19 33, 19 34, 19 37, 19 38, 19 42, 19 44, 19 45, 19 46, 19 47, 19 48, 19 49, 19 50, 20 4, 20 28, 20 37, 21 5, 21 13, 21 14, 21 17, 21 20, 21 24, 21 25, 21 27, 21 28, 21 32, 21 37, 21 47
Acyclic
YES
TopoSort
41 40 31 29 6 8 39 16 35 1 15 43 36 11 10 19 45 26 18 12 38 21 17 47 14 48 46 30 23 20 7 13 44 5 50 3 27 22 49 4 2 25 42 9 28 32 24 37 34 33
GetOrder
50
GetSize
364
GetOutDegree 21
12
GetOutDegree 1
32
GetOutDegree 42
0
GetOutDegree 33
0
AddEdge 49 50
0
AddEdge 32 21
0
AddEdge 42 13
0
DeleteEdge 32 21
0
DeleteEdge 43 1
1
DeleteEdge 6 16
1
Distance 1 50
1
Distance 1 21
*2
Distance 3 15
INF
Distance 7 19
INF
Acyclic
NO
TopoSort
IMPOSSIBLE
GetOutDegree 21
12
GetOutDegree 1
32
GetOutDegree 42
1
GetOutDegree 33
0
PrintDigraph
50, 1 2, 1 3, 1 5, 1 7, 1 9, 1 10, 1 12, 1 13, 1 14, 1 15, 1 17, 1 18, 1 19, 1 22, 1 23, 1 24, 1 25, 1 26, 1 28, 1 30, 1 32, 1 33, 1 34, 1 37, 1 43, 1 44, 1 45, 1 46, 1 47, 1 48, 1 49, 1 50, 2 9, 2 24, 2 25, 2 33, 2 34, 2 37, 2 42, 3 2, 3 4, 3 9, 3 22, 3 24, 3 27, 3 37, 3 42, 3 49, 4 33, 5 9, 5 24, 5 27, 5 28, 5 50, 6 5, 6 7, 6 8, 6 11, 6 13, 6 17, 6 18, 6 19, 6 21, 6 26, 6 30, 6 33, 6 34, 6 35, 6 36, 6 38, 6 39, 6 43, 6 47, 6 48, 7 3, 7 4, 7 9, 7 13, 7 24, 7 33, 7 34, 7 37, 7 42, 7 44, 7 49, 8 2, 8 3, 8 4, 8 5, 8 7, 8 9, 8 10, 8 11, 8 12, 8 14, 8 16, 8 17, 8 18, 8 19, 8 20, 8 21, 8 22, 8 23, 8 24, 8 25, 8 26, 8 27, 8 28, 8 32, 8 33, 8 34, 8 35, 8 36, 8 38, 8 39, 8 44, 8 45, 8 46, 8 47, 8 48, 8 49, 8 50, 9 24, 9 28, 9 32, 9 33, 10 2, 10 3, 10 4, 10 5, 10 7, 10 14, 10 17, 10 19, 10 22, 10 23, 10 27, 10 28, 10 30, 10 37, 10 38, 10 42, 10 44, 10 46, 10 48, 10 49, 10 50, 11 5, 11 10, 11 13, 11 14, 11 19, 11 22, 11 24, 11 30, 11 37, 11 38, 11 44, 11 47, 11 48, 11 50, 12 2, 12 3, 12 4, 12 5, 12 7, 12 13, 12 17, 12 20, 12 21, 12 23, 12 27, 12 28, 12 30, 12 33, 12 34, 12 37, 12 38, 12 42, 12 44, 12 46, 12 47, 12 48, 12 49, 13 2, 13 3, 13 9, 13 24, 13 25, 13 28, 13 37, 13 42, 13 49, 14 2, 14 3, 14 4, 14 7, 14 9, 14 13, 14 20, 14 22, 14 23, 14 24, 14 25, 14 27, 14 28, 14 30, 14 32, 14 33, 14 34, 14 42, 14 44, 14 46, 14 48, 14 49, 15 2, 15 3, 15 4, 15 5, 15 7, 15 9, 15 10, 15 11, 15 12, 15 13, 15 14, 15 17, 15 18, 15 19, 15 20, 15 21, 15 22, 15 23, 15 24, 15 25, 15 26, 15 27, 15 30, 15 33, 15 34, 15 36, 15 37, 15 38, 15 42, 15 43, 15 44, 15 45, 15 46, 15 48, 15 49, 15 50, 16 3, 16 4, 16 7, 16 12, 16 13, 16 18, 16 19, 16 21, 16 23, 16 24, 16 26, 16 27, 16 28, 16 33, 16 34, 16 42, 16 44, 16 45, 16 46, 16 47, 16 48, 17 2, 17 3, 17 4, 17 5, 17 7, 17 9, 17 20, 17 22, 17 23, 17 24, 17 27, 17 28, 17 32, 17 33, 17 34, 17 37, 17 42, 17 46, 17 47, 17 48, 17 49, 18 2, 18 3, 18 4, 18 5, 18 9, 18 13, 18 14, 18 20, 18 21, 18 22, 18 23, 18 24, 18 25, 18 27, 18 28, 18 30, 18 33, 18 37, 18 44, 18 46, 18 47, 18 48, 18 49, 19 2, 19 3, 19 4, 19 5, 19 7, 19 9, 19 12, 19 13, 19 14, 19 17, 19 18, 19 20, 19 21, 19 22, 19 23, 19 24, 19 26, 19 27, 19 28, 19 30, 19 32, 19 33, 19 34, 19 37, 19 38, 19 42, 19 44, 19 45, 19 46, 19 47, 19 48, 19 49, 19 50, 20 4, 20 28, 20 37, 21 5, 21 13, 21 14, 21 17, 21 20, 21 24, 21 25, 21 27, 21 28, 21 32, 21 37, 21 47, 42 13, 49 50
GetOutDegree 0
ERROR
GetOutDegree 5 1
ERROR
GetOutDegree
ERROR
GetSize 1
ERROR
