PrintDigraph
15, 1 2, 1 4, 1 5, 1 7, 1 15, 2 1, 2 3, 2 4, 2 5, 2 8, 2 10, 2 13, 2 14, 3 2, 3 5, 3 7, 3 13, 4 14, 5 4, 6 1, 6 3, 6 5, 6 7, 6 10, 6 12, 6 13, 6 14, 7 5, 7 12, 8 5, 8 7, 8 13, 8 14, 9 7, 9 11, 9 12, 9 13, 10 5, 10 7, 10 8, 11 4, 11 5, 11 9, 11 10, 11 13, 11 14, 13 5, 13 10, 14 4, 14 7, 14 12, 15 1, 15 6, 15 12
GetOrder
15
GetSize
54
GetOutDegree 2
8
GetOutDegree 12
0
PrintDigraph
15, 1 2, 1 4, 1 5, 1 7, 1 15, 2 1, 2 3, 2 4, 2 5, 2 8, 2 10, 2 13, 2 14, 3 2, 3 5, 3 7, 3 13, 4 14, 5 4, 6 1, 6 3, 6 5, 6 7, 6 10, 6 12, 6 13, 6 14, 7 5, 7 12, 8 5, 8 7, 8 13, 8 14, 9 7, 9 11, 9 12, 9 13, 10 5, 10 7, 10 8, 11 4, 11 5, 11 9, 11 10, 11 13, 11 14, 13 5, 13 10, 14 4, 14 7, 14 12, 15 1, 15 6, 15 12
GetCountSCC
5
GetNumSCCVertices 1
5
GetNumSCCVertices 7
4
GetNumSCCVertices 12
1
InSameSCC 1 3
YES
InSameSCC 1 14
NO
PrintDigraph
15, 1 2, 1 4, 1 5, 1 7, 1 15, 2 1, 2 3, 2 4, 2 5, 2 8, 2 10, 2 13, 2 14, 3 2, 3 5, 3 7, 3 13, 4 14, 5 4, 6 1, 6 3, 6 5, 6 7, 6 10, 6 12, 6 13, 6 14, 7 5, 7 12, 8 5, 8 7, 8 13, 8 14, 9 7, 9 11, 9 12, 9 13, 10 5, 10 7, 10 8, 11 4, 11 5, 11 9, 11 10, 11 13, 11 14, 13 5, 13 10, 14 4, 14 7, 14 12, 15 1, 15 6, 15 12
AddEdge 4 6
0
GetCountSCC
3
GetNumSCCVertices 1
12
GetNumSCCVertices 7
12
GetNumSCCVertices 12
1
InSameSCC 1 3
YES
InSameSCC 1 14
YES
PrintDigraph
15, 1 2, 1 4, 1 5, 1 7, 1 15, 2 1, 2 3, 2 4, 2 5, 2 8, 2 10, 2 13, 2 14, 3 2, 3 5, 3 7, 3 13, 4 6, 4 14, 5 4, 6 1, 6 3, 6 5, 6 7, 6 10, 6 12, 6 13, 6 14, 7 5, 7 12, 8 5, 8 7, 8 13, 8 14, 9 7, 9 11, 9 12, 9 13, 10 5, 10 7, 10 8, 11 4, 11 5, 11 9, 11 10, 11 13, 11 14, 13 5, 13 10, 14 4, 14 7, 14 12, 15 1, 15 6, 15 12
